0   0.042716543765
1   0.0233966230422
2   0.018042319833
3   0.0137740830606
4   0.0121068226234
5   0.0105491429777
6   0.00895923624575
7   0.00861275540986
8   0.0081900109429
9   0.00810017722113
10   0.00799095446195
11   0.00783699830058
12   0.00773507303913
13   0.00771038171248
14   0.00767028204969
15   0.00759464989075
16   0.00755104543159
17   0.0075403774071
18   0.0075338563653
19   0.00752080181858
20   0.00751094267944
21   0.00750343260011
22   0.00749749933058
23   0.00749251529901
24   0.00748768170197
25   0.00748582208374
26   0.0074836747824
27   0.00748350563651
28   0.00748333720063
29   0.00748326481469
30   0.00748323525855
31   0.00748322512117
32   0.00748321612772
33   0.00748320615629
34   0.00748320474858
35   0.00748320394834
36   0.00748320310972
37   0.00748320309229
38   0.00748320306814
39   0.00748320305821
40   0.00748320305548
41   0.0074832030551
42   0.00748320305419
43   0.0074832030538
44   0.0074832030539
45   0.00748320305372
46   0.00748320305371
47   0.00748320305374
48   0.00748320305387
49   0.00748320305387
50   0.00748320305388
51   0.00748320305389
52   0.00748320305389
53   0.00748320305389
54   0.00748320305389
55   0.0074832030539
56   0.00748320305389
57   0.00748320305387
58   0.00748320305392
59   0.00748320305393
60   0.00748320305395
61   0.007483203054
62   0.00748320305399
63   0.007483203054
64   0.007483203054
65   0.007483203054
66   0.007483203054
67   0.007483203054
68   0.00748320305399
69   0.00748320305399
70   0.00748320305399
71   0.00748320305399
72   0.00748320305399
73   0.00748320305399
74   0.00748320305399
75   0.00748320305399
76   0.00748320305399
77   0.00748320305399
78   0.00748320305399
79   0.00748320305399
80   0.00748320305399
81   0.00748320305399
82   0.00748320305399
83   0.00748320305399
84   0.00748320305399
85   0.00748320305399
86   0.00748320305399
87   0.00748320305399
88   0.00748320305399
89   0.00748320305399
90   0.00748320305399
91   0.00748320305399
92   0.00748320305399
93   0.00748320305399
94   0.00748320305399
95   0.00748320305399
96   0.00748320305399
97   0.00748320305399
98   0.00748320305399
99   0.00748320305399
0   0.00748320305399
1   0.00748320305399
2   0.00748320305399
3   0.00748320305399
4   0.00748320305399
5   0.00748320305399
6   0.00748320305399
7   0.00748320305399
8   0.00748320305399
9   0.00748320305399
10   0.00748320305399
11   0.00748320305399
12   0.00748320305399
13   0.00748320305399
14   0.00748320305399
15   0.00748320305399
16   0.00748320305399
17   0.00748320305399
18   0.00748320305399
19   0.00748320305399
20   0.00748320305399
21   0.00748320305399
22   0.00748320305399
23   0.00748320305399
24   0.00748320305399
25   0.00748320305399
26   0.00748320305399
27   0.00748320305399
28   0.00748320305399
29   0.00748320305399
30   0.00748320305399
31   0.00748320305399
32   0.00748320305399
33   0.00748320305399
34   0.00748320305399
35   0.00748320305399
36   0.00748320305399
37   0.00748320305399
38   0.00748320305399
39   0.00748320305399
40   0.00748320305399
41   0.00748320305399
42   0.00748320305399
43   0.00748320305399
44   0.00748320305399
45   0.00748320305399
46   0.00748320305399
47   0.00748320305399
48   0.00748320305399
49   0.00748320305399
50   0.00748320305399
51   0.00748320305399
52   0.00748320305399
53   0.00748320305399
54   0.00748320305399
55   0.00748320305399
56   0.00748320305399
57   0.00748320305399
58   0.00748320305399
59   0.00748320305399
60   0.00748320305399
61   0.00748320305399
62   0.00748320305399
63   0.00748320305399
64   0.00748320305399
65   0.00748320305399
66   0.00748320305399
67   0.00748320305399
68   0.00748320305399
69   0.00748320305399
70   0.00748320305399
71   0.00748320305399
72   0.00748320305399
73   0.00748320305399
74   0.00748320305399
75   0.00748320305399
76   0.00748320305399
77   0.00748320305399
78   0.00748320305399
79   0.00748320305399
80   0.00748320305399
81   0.00748320305399
82   0.00748320305399
83   0.00748320305399
84   0.00748320305399
85   0.00748320305399
86   0.00748320305399
87   0.00748320305399
88   0.00748320305399
89   0.00748320305399
90   0.00748320305399
91   0.00748320305399
92   0.00748320305399
93   0.00748320305399
94   0.00748320305399
95   0.00748320305399
96   0.00748320305399
97   0.00748320305399
98   0.00748320305399
99   0.00748320305399
