0   0.0441047105125
1   0.0165998880038
2   0.0165998880038
3   0.0165998880038
4   0.0165998880038
5   0.0165998880038
6   0.0165998880038
7   0.0165998880038
8   0.0165998880038
9   0.0165998880038
10   0.0165998880038
11   0.0165998880038
12   0.0165998880038
13   0.0165998880038
14   0.0165998880038
15   0.0165998880038
16   0.0165998880038
17   0.0165998880038
18   0.0165998880038
19   0.0165998880038
20   0.0165998880038
21   0.0165998880038
22   0.0165998880038
23   0.0165998880038
24   0.0165998880038
25   0.0165998880038
26   0.0165998880038
27   0.0165998880038
28   0.0165998880038
29   0.0165998880038
30   0.0165998880038
31   0.0165998880038
32   0.0165998880038
33   0.0165998880038
34   0.0165998880038
35   0.0165998880038
36   0.0165998880038
37   0.0165998880038
38   0.0165998880038
39   0.0165998880038
40   0.0165998880038
41   0.0165998880038
42   0.0165998880038
43   0.0165998880038
44   0.0165998880038
45   0.0165998880038
46   0.0165998880038
47   0.0165998880038
48   0.0165998880038
49   0.0165998880038
50   0.0165998880038
51   0.0165998880038
52   0.0165998880038
53   0.0165998880038
54   0.0165998880038
55   0.0165998880038
56   0.0165998880038
57   0.0165998880038
58   0.0165998880038
59   0.0165998880038
60   0.0165998880038
61   0.0165998880038
62   0.0165998880038
63   0.0165998880038
64   0.0165998880038
65   0.0165998880038
66   0.0165998880038
67   0.0165998880038
68   0.0165998880038
69   0.0165998880038
70   0.0165998880038
71   0.0165998880038
72   0.0165998880038
73   0.0165998880038
74   0.0165998880038
75   0.0165998880038
76   0.0165998880038
77   0.0165998880038
78   0.0165998880038
79   0.0165998880038
80   0.0165998880038
81   0.0165998880038
82   0.0165998880038
83   0.0165998880038
84   0.0165998880038
85   0.0165998880038
86   0.0165998880038
87   0.0165998880038
88   0.0165998880038
89   0.0165998880038
90   0.0165998880038
91   0.0165998880038
92   0.0165998880038
93   0.0165998880038
94   0.0165998880038
95   0.0165998880038
96   0.0165998880038
97   0.0165998880038
98   0.0165998880038
99   0.0165998880038
