0   0.046092645083
1   0.0238407685154
2   0.0178760617197
3   0.0155839778506
4   0.0135068901385
5   0.0115637640814
6   0.0107209835114
7   0.00986618570315
8   0.00891303931779
9   0.0087104160683
10   0.00845529464138
11   0.00830875439035
12   0.00823111183079
13   0.00811382316383
14   0.00804111276613
15   0.0080246730201
16   0.00799336509155
17   0.00796923302673
18   0.00795292610984
19   0.00791706116134
20   0.0078846813706
21   0.0078753412584
22   0.00785087918991
23   0.00784765267612
24   0.00783979689263
25   0.00783687823737
26   0.00783384889436
27   0.00783225824186
28   0.00783209995641
29   0.00783202592543
30   0.0078320148763
31   0.00783200577398
32   0.00783199736463
33   0.00783199466885
34   0.00783199255984
35   0.0078319908192
36   0.00783198921596
37   0.00783198872029
38   0.00783198834765
39   0.00783198805827
40   0.00783198785082
41   0.00783198772553
42   0.007831987589
43   0.00783198757993
44   0.0078319879842
45   0.00783198817853
46   0.00783198724333
47   0.00783198842884
48   0.00783198755681
49   0.0078319887184
50   0.00783199314075
51   0.00783202396433
52   0.00783201591205
53   0.00783205521104
54   0.00783216570761
55   0.00783215490235
56   0.00783199992368
57   0.00783218413718
58   0.00783191175674
59   0.0078334420261
60   0.00783226363356
61   0.00783450388246
62   0.00783222983008
63   0.00783961683037
64   0.0078241401258
65   0.00784300481632
66   0.00784099898306
67   0.0078682960493
68   0.00782294049614
69   0.0079994787672
70   0.00789462330391
71   0.00788626690717
72   0.00788874663747
73   0.00789179806761
74   0.00789012043449
75   0.00789047339089
76   0.0078891973833
77   0.00788915284512
78   0.00813775860827
79   0.00819224361079
80   0.00820055346207
81   0.00821085491783
82   0.00820827874405
83   0.00820821279415
84   0.00820810688719
85   0.00820811348346
86   0.00820810856514
87   0.00820812961467
88   0.00820812725173
89   0.00820812734107
90   0.00820812727147
91   0.00820812728715
92   0.00820812727956
93   0.00820812727958
94   0.00820812728038
95   0.00820812728032
96   0.00820812728032
97   0.00820812728032
98   0.00820812728032
99   0.00820812728032
